255 255 255 255 255 255 255 255 255 255 255 255 255 255 255 255
255 255 255 255 255 255 255 255 255 255 255 255 255 255 255 255
255 255   0   0   0   0   0   0   0   0   0   0   0   0 255 255
255 255   0   0   0   0   0   0   0   0   0   0   0   0 255 255
255 255   0   0   0   0   0   0   0   0   0   0   0   0 255 255
255 255   0   0   0 255 255 255 255 255 255   0   0   0 255 255
255 255   0   0   0 255 137 255 255   0 255   0   0   0 255 255
255 255   0   0   0 255   0   0 255  29 255   0   0   0 255 255
255 255   0   0   0 255   0   0 255   0 255   0   0   0 255 255
255 255   0   0   0 255 255 255 255 255 255   0   0   0 255 255
255 255   0   0   0 255 255 255 255 255 255   0   0   0 255 255
255 255   0   0   0   0   0   0   0   0   0   0   0   0 255 255
255 255   0   0   0   0   0   0   0   0   0   0   0   0 255 255
255 255   0   0   0   0   0   0   0   0   0   0   0   0 255 255
255 255 255 255 255 255 255 255 255 255 255 255 255 255 255 255
255 255 255 255 255 255 255 255 255 255 255 255 255 255 255 255
255 255 255 255 255 255 255 255 255 255 255 255 255 255 255 255
255 255 255 255 255 255 255 255 255 255 255 255 255 255 255 255
255 255   0   0   0   0   0   0   0   0   0   0   0   0 255 255
255 255   0   0   0   0   0   0   0   0   0   0   0   0 255 255
255 255   0   0   0   0   0   0   0   0   0   0   0   0 255 255
255 255   0   0   0 255 255 255 255 255 255   0   0   0 255 255
255 255   0   0   0 255 137 255 255   0 255   0   0   0 255 255
255 255   0   0   0 255   0   0 255  29 255   0   0   0 255 255
255 255   0   0   0 255   0   0 255   0 255   0   0   0 255 255
255 255   0   0   0 255 255 255 255 255 255   0   0   0 255 255
255 255   0   0   0 255 255 255 255 255 255   0   0   0 255 255
255 255   0   0   0   0   0   0   0   0   0   0   0   0 255 255
255 255   0   0   0   0   0   0   0   0   0   0   0   0 255 255
255 255   0   0   0   0   0   0   0   0   0   0   0   0 255 255
255 255 255 255 255 255 255 255 255 255 255 255 255 255 255 255
255 255 255 255 255 255 255 255 255 255 255 255 255 255 255 255
255 255 255 255 255 255 255 255 255 255 255 255 255 255 255 255
255 255 255 255 255 255 255 255 255 255 255 255 255 255 255 255
255 255   0   0   0   0   0   0   0   0   0   0   0   0 255 255
255 255   0   0   0   0   0   0   0   0   0   0   0   0 255 255
255 255   0   0   0   0   0   0   0   0   0   0   0   0 255 255
255 255   0   0   0 255 255 255 255 255 255   0   0   0 255 255
255 255   0   0   0 255 137 255 255   0 255   0   0   0 255 255
255 255   0   0   0 255   0   0 255  29 255   0   0   0 255 255
255 255   0   0   0 255   0   0 255   0 255   0   0   0 255 255
255 255   0   0   0 255 255 255 255 255 255   0   0   0 255 255
255 255   0   0   0 255 255 255 255 255 255   0   0   0 255 255
255 255   0   0   0   0   0   0   0   0   0   0   0   0 255 255
255 255   0   0   0   0   0   0   0   0   0   0   0   0 255 255
255 255   0   0   0   0   0   0   0   0   0   0   0   0 255 255
255 255 255 255 255 255 255 255 255 255 255 255 255 255 255 255
255 255 255 255 255 255 255 255 255 255 255 255 255 255 255 255

255 255 255 255 255 255 255 255 255 255 255 255 255 255 255 255
255 255 255 255 255 255 255 255 255 255 255 255 255 255 255 255
255 255   0   0   0   0   0   0   0   0   0   0   0   0 255 255
255 255   0   0   0   0   0   0   0   0   0   0   0   0 255 255
255 255   0   0   0   0   0   0   0   0   0   0   0   0 255 255
255 255   0   0   0 255 255 255 255 255 255   0   0   0 255 255
255 255   0   0   0 255   0  29   0 255 255   0   0   0 255 255
255 255   0   0   0 255 255 255 255 255 255   0   0   0 255 255
255 255   0   0   0 255 255   0   0 255 255   0   0   0 255 255
255 255   0   0   0 255 137   0   0 255 255   0   0   0 255 255
255 255   0   0   0 255 255 255 255 255 255   0   0   0 255 255
255 255   0   0   0   0   0   0   0   0   0   0   0   0 255 255
255 255   0   0   0   0   0   0   0   0   0   0   0   0 255 255
255 255   0   0   0   0   0   0   0   0   0   0   0   0 255 255
255 255 255 255 255 255 255 255 255 255 255 255 255 255 255 255
255 255 255 255 255 255 255 255 255 255 255 255 255 255 255 255
255 255 255 255 255 255 255 255 255 255 255 255 255 255 255 255
255 255 255 255 255 255 255 255 255 255 255 255 255 255 255 255
255 255   0   0   0   0   0   0   0   0   0   0   0   0 255 255
255 255   0   0   0   0   0   0   0   0   0   0   0   0 255 255
255 255   0   0   0   0   0   0   0   0   0   0   0   0 255 255
255 255   0   0   0 255 255 255 255 255 255   0   0   0 255 255
255 255   0   0   0 255   0  29   0 255 255   0   0   0 255 255
255 255   0   0   0 255 255 255 255 255 255   0   0   0 255 255
255 255   0   0   0 255 255   0   0 255 255   0   0   0 255 255
255 255   0   0   0 255 137   0   0 255 255   0   0   0 255 255
255 255   0   0   0 255 255 255 255 255 255   0   0   0 255 255
255 255   0   0   0   0   0   0   0   0   0   0   0   0 255 255
255 255   0   0   0   0   0   0   0   0   0   0   0   0 255 255
255 255   0   0   0   0   0   0   0   0   0   0   0   0 255 255
255 255 255 255 255 255 255 255 255 255 255 255 255 255 255 255
255 255 255 255 255 255 255 255 255 255 255 255 255 255 255 255
255 255 255 255 255 255 255 255 255 255 255 255 255 255 255 255
255 255 255 255 255 255 255 255 255 255 255 255 255 255 255 255
255 255   0   0   0   0   0   0   0   0   0   0   0   0 255 255
255 255   0   0   0   0   0   0   0   0   0   0   0   0 255 255
255 255   0   0   0   0   0   0   0   0   0   0   0   0 255 255
255 255   0   0   0 255 255 255 255 255 255   0   0   0 255 255
255 255   0   0   0 255   0  29   0 255 255   0   0   0 255 255
255 255   0   0   0 255 255 255 255 255 255   0   0   0 255 255
255 255   0   0   0 255 255   0   0 255 255   0   0   0 255 255
255 255   0   0   0 255 137   0   0 255 255   0   0   0 255 255
255 255   0   0   0 255 255 255 255 255 255   0   0   0 255 255
255 255   0   0   0   0   0   0   0   0   0   0   0   0 255 255
255 255   0   0   0   0   0   0   0   0   0   0   0   0 255 255
255 255   0   0   0   0   0   0   0   0   0   0   0   0 255 255
255 255 255 255 255 255 255 255 255 255 255 255 255 255 255 255
255 255 255 255 255 255 255 255 255 255 255 255 255 255 255 255

255 255 255 255 255 255 255 255 255 255 255 255 255 255 255 255
255 214 153 153 153 153 153 153 153 153 153 153 153 153 214 255
255 153   0   0   0   0   0   0   0   0   0   0   0   0 153 255
255 153   0   0   0   0   0   0   0   0   0   0   0   0 153 255
255 153   0   0  10  51  51  51  51  51  51  10   0   0 153 255
255 153   0   0  51 255 255 255 255 255 255  51   0   0 153 255
255 153   0   0  51 255 197 174 174 192 255  51   0   0 153 255
255 153   0   0  51 255 113  83   0  57 255  51   0   0 153 255
255 153   0   0  51 255 106  92  95  99 255  51   0   0 153 255
255 153   0   0  51 255  73  37  61  96 255  51   0   0 153 255
255 153   0   0  51 255 247 245 245 247 255  51   0   0 153 255
255 153   0   0  10  51  51  51  51  51  51  10   0   0 153 255
255 153   0   0   0   0   0   0   0   0   0   0   0   0 153 255
255 153   0   0   0   0   0   0   0   0   0   0   0   0 153 255
255 214 153 153 153 153 153 153 153 153 153 153 153 153 214 255
255 255 255 255 255 255 255 255 255 255 255 255 255 255 255 255
255 255 255 255 255 255 255 255 255 255 255 255 255 255 255 255
255 214 153 153 153 153 153 153 153 153 153 153 153 153 214 255
255 153   0   0   0   0   0   0   0   0   0   0   0   0 153 255
255 153   0   0   0   0   0   0   0   0   0   0   0   0 153 255
255 153   0   0  10  51  51  51  51  51  51  10   0   0 153 255
255 153   0   0  51 255 255 255 255 255 255  51   0   0 153 255
255 153   0   0  51 255 196 172 172 190 255  51   0   0 153 255
255 153   0   0  51 255 112  83   0  55 255  51   0   0 153 255
255 153   0   0  51 255 105  92  95  98 255  51   0   0 153 255
255 153   0   0  51 255  72  37  61  94 255  51   0   0 153 255
255 153   0   0  51 255 247 245 245 247 255  51   0   0 153 255
255 153   0   0  10  51  51  51  51  51  51  10   0   0 153 255
255 153   0   0   0   0   0   0   0   0   0   0   0   0 153 255
255 153   0   0   0   0   0   0   0   0   0   0   0   0 153 255
255 214 153 153 153 153 153 153 153 153 153 153 153 153 214 255
255 255 255 255 255 255 255 255 255 255 255 255 255 255 255 255
255 255 255 255 255 255 255 255 255 255 255 255 255 255 255 255
255 214 153 153 153 153 153 153 153 153 153 153 153 153 214 255
255 153   0   0   0   0   0   0   0   0   0   0   0   0 153 255
255 153   0   0   0   0   0   0   0   0   0   0   0   0 153 255
255 153   0   0  10  51  51  51  51  51  51  10   0   0 153 255
255 153   0   0  51 255 255 255 255 255 255  51   0   0 153 255
255 153   0   0  51 255 195 171 171 189 255  51   0   0 153 255
255 153   0   0  51 255 111  83   0  54 255  51   0   0 153 255
255 153   0   0  51 255 105  92  95  97 255  51   0   0 153 255
255 153   0   0  51 255  72  37  61  93 255  51   0   0 153 255
255 153   0   0  51 255 247 244 244 246 255  51   0   0 153 255
255 153   0   0  10  51  51  51  51  51  51  10   0   0 153 255
255 153   0   0   0   0   0   0   0   0   0   0   0   0 153 255
255 153   0   0   0   0   0   0   0   0   0   0   0   0 153 255
255 214 153 153 153 153 153 153 153 153 153 153 153 153 214 255
255 255 255 255 255 255 255 255 255 255 255 255 255 255 255 255

255 255 255 255 255 255 255 255 255 255 255 255 255 255 255 255
255 214 153 153 153 153 153 153 153 153 153 153 153 153 214 255
255 153   0   0   0   0   0   0   0   0   0   0   0   0 153 255
255 153   0   0   0   0   0   0   0   0   0   0   0   0 153 255
255 153   0   0  10  51  51  51  51  51  51  10   0   0 153 255
255 153   0   0  51 255 255 255 255 255 255  51   0   0 153 255
255 153   0   0  51 255 192  57  99  96 247  51   0   0 153 255
255 153   0   0  51 255 174   0  95  61 245  51   0   0 153 255
255 153   0   0  51 255 174  83  92  37 245  51   0   0 153 255
255 153   0   0  51 255 197 113 106  73 247  51   0   0 153 255
255 153   0   0  51 255 255 255 255 255 255  51   0   0 153 255
255 153   0   0  10  51  51  51  51  51  51  10   0   0 153 255
255 153   0   0   0   0   0   0   0   0   0   0   0   0 153 255
255 153   0   0   0   0   0   0   0   0   0   0   0   0 153 255
255 214 153 153 153 153 153 153 153 153 153 153 153 153 214 255
255 255 255 255 255 255 255 255 255 255 255 255 255 255 255 255
255 255 255 255 255 255 255 255 255 255 255 255 255 255 255 255
255 214 153 153 153 153 153 153 153 153 153 153 153 153 214 255
255 153   0   0   0   0   0   0   0   0   0   0   0   0 153 255
255 153   0   0   0   0   0   0   0   0   0   0   0   0 153 255
255 153   0   0  10  51  51  51  51  51  51  10   0   0 153 255
255 153   0   0  51 255 255 255 255 255 255  51   0   0 153 255
255 153   0   0  51 255 190  55  98  94 247  51   0   0 153 255
255 153   0   0  51 255 172   0  95  61 245  51   0   0 153 255
255 153   0   0  51 255 172  83  92  37 245  51   0   0 153 255
255 153   0   0  51 255 196 112 105  72 247  51   0   0 153 255
255 153   0   0  51 255 255 255 255 255 255  51   0   0 153 255
255 153   0   0  10  51  51  51  51  51  51  10   0   0 153 255
255 153   0   0   0   0   0   0   0   0   0   0   0   0 153 255
255 153   0   0   0   0   0   0   0   0   0   0   0   0 153 255
255 214 153 153 153 153 153 153 153 153 153 153 153 153 214 255
255 255 255 255 255 255 255 255 255 255 255 255 255 255 255 255
255 255 255 255 255 255 255 255 255 255 255 255 255 255 255 255
255 214 153 153 153 153 153 153 153 153 153 153 153 153 214 255
255 153   0   0   0   0   0   0   0   0   0   0   0   0 153 255
255 153   0   0   0   0   0   0   0   0   0   0   0   0 153 255
255 153   0   0  10  51  51  51  51  51  51  10   0   0 153 255
255 153   0   0  51 255 255 255 255 255 255  51   0   0 153 255
255 153   0   0  51 255 189  54  97  93 246  51   0   0 153 255
255 153   0   0  51 255 171   0  95  61 244  51   0   0 153 255
255 153   0   0  51 255 171  83  92  37 244  51   0   0 153 255
255 153   0   0  51 255 195 111 105  72 247  51   0   0 153 255
255 153   0   0  51 255 255 255 255 255 255  51   0   0 153 255
255 153   0   0  10  51  51  51  51  51  51  10   0   0 153 255
255 153   0   0   0   0   0   0   0   0   0   0   0   0 153 255
255 153   0   0   0   0   0   0   0   0   0   0   0   0 153 255
255 214 153 153 153 153 153 153 153 153 153 153 153 153 214 255
255 255 255 255 255 255 255 255 255 255 255 255 255 255 255 255
